MEME version 4
ALPHABET= ACGT
strands: +
Background letter frequencies
A 0.25 C 0.25 G 0.25 T 0.25
MOTIF DOWN
letter-probability matrix: alength= 4 w= 13 nsites= 13
0.18 0.13333333 0.28 0.40666667
0.42666667 0.12666667 0.1 0.34666667
0.24 0.02 0.6  0.14
0.13333333 0.37333333 0.3 0.19333333
0.4 0.36666667 0.06 0.17333333
0.14666667 0.59333333 0.03333333 0.22666667
0.18666667 0.51333333 0.01333333 0.28666667
0.66666667 0.02 0.17333333 0.14
0.12 0.41333333 0.18666667 0.28
0.42 0.15333333 0.20666667 0.22
0.28 0.18666667 0.22 0.31333333
0.52666667 0.07333333 0.07333333 0.32666667
0.26 0.09333333 0.13333333 0.51333333