MEME version 4
ALPHABET= ACGT
strands: +
Background letter frequencies
A 0.25 C 0.25 G 0.25 T 0.25
MOTIF UP
letter-probability matrix: alength= 4 w= 14 nsites= 14
0.16 0.22666667 0.17333333 0.44
0.2 0.06666667 0.38666667 0.34666667
0.10666667 0.26 0.45333333 0.18 
0.35333333 0.25333333 0.12666667 0.26666667
0.49333333 0.16 0.22 0.12666667
0.33333333 0.13333333 0.16 0.37333333
0.17333333 0.08 0.16 0.58666667
0.26666667 0.18666667 0.15333333 0.39333333
0.18 0.48 0.08 0.26
0.24 0.34 0.12 0.3
0.31333333 0.28666667 0.16 0.24
0.34666667 0.25333333 0.22666667 0.17333333
0.39333333 0.18 0.16666667 0.26
0.26 0.13333333 0.16 0.44666667